149.008
151.724
156.445
155.333
156.139
155.375
152.463
152.902
155.839
154.093
154.447
155.763
151.838
152.952
154.094
153.421
154.729
155.076
156.839
155.423
152.634
152.988
152.314
156.418
155.621
153.545
153.392
155.227
154.296
155.64
152.162
154.171
153.766
155.014
154.75
153.934
152.12
152.263
152.091
154.26
154.139
152.399
150.362
150.914
151.679
152.389
152.764
154.101
154.56
155.468
153.652
153.615
153.367
152.832
151.934
153.678
152.502
153.402
155.011
152.262
152.718
152.692
153.193
152.172
148.656
151.328
150.505
149.759
153.753
155.435
153.84
153.528
153.325
153.071
154.175
155.077
153.993
155.156
153.278
154.29
152.227
153.203
155.536
153.811
154.36
153.624
152.527
151.359
150.648
152.079
152.323
154.275
153.256
154.142
155.131
155.318
154.257
154.403
153.934
155.594
153.472
153.182
154.032
153.965
153.67
153.005
153.589
154.637
154.67
152.356
152.016
151.706
150.404
151.635
153.955
153.623
153.366
153.467
152.314
152.714
151.969
149.99
151.973
151.603
153.064
152.412
152.376
155.383
153.287
153.349
152.159
155.822
151.174
151.201
152.004
152.756
153.611
153.858
152.242
154.928
153.056
153.097
154.854
155.566
153.678
153.519
153.907
153.789
154.955
154.127
152.65
153.695
152.722
154.824
153.914
152.896
151.395
152.082
153.859
153.806
155.383
152.174
153.102
153.644
154.857
153.759
155.087
153.558
153.961
153.776
154.055
152.766
153.468
152.021
153.899
152.783
153.344
151.384
151.388
151.336
151.753
153.516
152.329
153.582
154.428
153.192
154.829
154.557
156.084
154.474
154.045
152.741
150.467
153.478
154.262
154.63
153.647
154.217
154.307
153.6
149.15
148.525
148.814
150.285
152.389
155.404
154.065
154.449
153.95
154.857
153.977
154.227
153.388
154.188
153.834
152.716
154.71
153.519
154.009
153.656
153.428
153.537
152.405
152.155
151.446
151.485
152.386
154.177
152.45
155.866
152.823
153.799
152.508
152.448
153.728
154.678
154.475
153.821
153.159
154.172
154.567
153.324
153.151
153.398
153.166
148.788
151.11
150.346
150.967
154.8
154.507
154.358
154.153
154.751
155.271
153.818
152.379
153.202
154.126
154.614
154.522
154.551
154.395
154.938
154.973
155.019
154.769
153.349
150.138
151.226
150.645
151.242
153.673
153.679
154.008
154.365
155.141
154.718
155.013
153.532
153.311
154.905
153.01
153.364
153.051
152.578
152.879
154.464
152.482
155.051
153.395
151.231
151.495
152.14
152.598
153.589
153.84
154.173
154.372
154.323
153.439
154.893
153.552
153.354
154.927
153.976
154.681
154.622
154.035
154.772
154.59
153.284
154.237
151.397
150.199
151.771
151.827
154.147
154.736
155.152
154.214
153.382
156.319
153.996
153.927
154.513
152.089
153.532
155.157
154.779
155.011
154.885
154.862
154.01
154.344
152.461
150.676
151.265
152.018
151.596
153.358
154.326
153.136
153.863
154
153.317
153.184
153.298
154.919
153.645
152.87
154.074
153.996
152.832
154.407
154.024
153.84
153.732
152.3
150.688
151.23
151.025
153.235
153.812
152.918
154.43
152.86
152.673
154.145
152.874
154.605
154.402
153.933
155.881
154.427
154.063
154.168
154.317
156.339
153.481
153.216
151.153
151.141
151.472
151.03
153.552
153.971
154.324
154.793
154.246
154.421
153.373
154.902
155.751
153.474
152.896
153.878
153.463
154.062
152.823
153.642
153.325
153.573
153.865
150.093
151.192
152.284
152.485
153.108
154.65
153.787
153.609
152.56
154.807
153.875
152.289
154.238
154.493
154.474
153.867
153.838
153.875
153.853
154.152
152.97
153.82
150.374
150.675
149.517
150.415
152.519
154.326
154.761
155.064
154.386
155.098
153.906
153.844
155.229
154.778
154.065
154.346
153.708
153.976
153.842
153.761
153.069
153.702
154.808
148.146
149.834
149.729
150.805
153.671
154.805
154.638
154.166
154.413
154.734
153.863
153.732
153.565
153.623
155.284
154.454
154.47
153.452
153.38
153.322
154.019
152.095
152.695
150.241
151.231
151.844
151.167
153.831
153.509
154.145
154.356
153.693
153.966
152.511
153.646
153.847
153.034
153.441
153.422
154.136
154.209
152.673
152.476
152.501
154.41
154.282
149.866
151.096
151.181
152.324
154.414
153.478
154.513
154.109
153.878
155.777
155.307
154.151
153.873
154.201
154.275
152.933
152.619
152.688
152.49
153.07
152.331
152.254
151.596
150.406
151.663
151.159
152.307
154.304
154.459
155.061
154.721
153.871
153.69
154.069
154.878
153.776
153.647
154.056
153.12
155.265
155.886
155.177
154.651
153.841
154.317
151.872
151.644
150.732
150.306
151.716
153.465
153.593
152.304
153.486
152.662
153.795
153.88
153.734
153.402
153.523
153.356
153.872
153.279
152.264
153.164
152.597
154.399
152.998
151.491
150.697
151.316
151.786
152.049
154.021
154.772
155.007
154.698
153.989
153.879
153.575
153.871
154.76
154.953
154.194
155.567
154.193
153.291
155.031
153.799
152.62
152.115
150.071
150.417
150.461
151.118
153.535
153.151
154.085
154.535
154.099
154.758
153.295
153.905
153.412
153.453
154.638
154.628
153.565
155.598
155.572
156.025
154.706
153.925
154.699
152.381
151.727
151.907
151.222
153.916
153.79
152.783
153.822
153.262
153.79
155.647
153.617
153.63
154.393
152.743
153.26
152.642
153.842
152.654
153.398
153.562
154.743
153.196
152.037
149.987
151.607
151.88
153.067
153.535
153.093
153.709
153.186
154.128
154.806
154.113
155.752
154.82
154.568
155.352
155.108
154.867
155.574
154.111
154.785
153.685
151.863
151.201
149.611
150.653
152.483
153.475
154.865
153.626
152.138
153.352
153.779
153.777
154.27
152.806
154.295
153.152
154.246
153.301
152.45
153.702
153.491
154.534
153.219
150.954
151.679
151.186
152.338
154.256
154.079
154.276
155.401
153.845
154.174
155.015
153.57
154.603
155.225
153.957
154.084
153.957
154.933
155.116
153.378
153.896
152.707
153.981
151.928
151.086
151.368
150.67
152.998
153.954
153.113
153.964
154.024
154.285
155.632
154.243
154.789
154.198
153.744
154.946
153.333
152.688
152.988
153.456
153.437
153.152
152.878
151.215
150.893
152.827
150.671
153.003
153.991
153.604
154.803
152.934
153.067
152.106
153.336
153.005
152.963
152.019
151.321
151.308
153.211
152.946
152.922
153.076
153.418
153.362
151.274
150.698
151.771
151.845
155
155.005
155.012
153.973
154.565
155.078
154.522
153.645
152.152
153.477
153.83
154.358
152.272
152.818
152.032
153.44
153.448
152.797
151.852
150.5
149.668
150.463
150.205
152.985
153.344
153.45
151.811
153.353
152.176
151.796
152.239
153.19
152.806
153.553
153.762
153.236
153.53
153.477
154.238
153.811
155.103
152.801
151.669
150.834
152.061
153.251
153.192
154.781
153.08
153.013
154.882
153.922
153.03
153.3
154.151
154.55
154.697
153.53
154.248
153.88
153.508
154.146
153.885
153.018
151.414
151.497
151.035
150.489
153.01
153.422
152.765
152.97
153.517
153.584
154.626
153.819
154.558
153.741
154.144
152.904
153.237
154.082
152.994
152.859
154.314
154.361
153.952
151.491
149.897
151.364
151.512
154.141
153.954
154.041
154.058
153.367
154.628
154.135
153.326
152.952
153.738
154.162
153.179
153.16
152.951
153.576
154.212
152.198
152.825
152.892
151.047
148.559
150.141
150.754
153.414
154.599
154.33
153.328
153.802
154.003
154.189
154.05
152.785
153.117
152.586
152.722
153.782
153.337
153.077
153.085
153.256
152.679
152.906
151.376
150.666
151.563
152.022
152.527
152.971
152.811
153.697
154.453
153.784
153.921
153.442
153.658
154.438
153.09
152.944
152.807
153.001
153.428
152.493
152.53
152.607
153.729
151.245
150.525
150.22
151.496
153.421
154.684
153.445
154.282
153.001
154.061
154.861
153.494
153.979
153.648
128.775
115.83
148.662
100.079
148.331
153.155
153.549
154.402
153.528
150.608
150.414
150.229
153.258
153.062
155.135
153.511
153.602
154.845
154.226
154.399
153.507
154.112
154.558
154.46
152.224
153.62
152.035
153.467
152.495
153.072
153.153
153.092
150.579
148.897
150.084
150.959
154.371
153.916
153.914
153.435
154.188
152.069
153.999
153.775
153.412
153.839
154.076
154.133
154.378
153.216
153.43
153.756
154.507
154.474
152.65
151.149
150.175
151.921
151.601
154.029
117.813
121.887
154.219
154.542
155.134
152.696
154.384
152.56
154.434
154.295
153.622
153.685
153.394
154.41
152.96
153.151
153.838
151.861
150.969
150.042
